2658301619376621039421033754522
180827318119582774906022343868897
99092271745206676126558560476
7943248049987247062867669015133
6994023810258842296046754792678799091
22611089671583915550714985415565
35280978731997570738820511108
175259379573726682221167216449584
32606730021890991132899534412426
112067745733028845511697371771272
2316358277767232347924369489088
1213373115918963349273266183804
38131623131402461630994893825
52440384617874276554640920772589660
10750045839426715873097565815036
1701540110823088876167607490288
28355085180720022172233222645
2959240196717332538364189513886
312498813734962
14397775302616005574303405026256239
35642425473807393836506606603673861
67026853688103523247074543145455230
25343824842252956188537016960
2436911530524923389430532597763383
1018139756129573997418113762598137
1734748008244317
22197360842043432489426843868
218860867385926628099785947456
1898972824336875654400260135043
56573588042583490727815845656870666
80602615226861880326075718087244786
2485970420474939453968706296031
18059306094819973952977890186210464
21589761566449443253118429428
40179470118345058130324548835570994
11201914708460363427605188258724
1312516528368499671760880654382458
149187171943948610999576926707228100
43435156443807537429213082934942456
33789942953345055870834266608975687
37981054433529789704087740591
71882429589054468475807259220229387
1816732684390849287492161334598264
32206301570622311516707625344
24131408195034828616590774536167175
456736152457940841997261910407
60811316111618735378626900109718307
3146181687659619372513114470464
41787220345022410761328801651138880321
